0.000000
0.042512
0.074010
0.080482
0.088674
0.096605
0.120197
0.134447
0.140304
0.150952
0.155161
0.160295
0.166937
0.171112
0.182384
0.186731
0.198570
0.208877
0.213424
0.223813
0.235683
0.242885
0.246223
0.249318
0.265429
0.276551
0.285549
0.288612
0.301246
0.303900
0.314608
0.316720
0.331337
0.335193
0.353839
0.363553
0.371358
0.377001
0.382799
0.396195
0.404640
0.407275
0.420664
0.437032
0.437614
0.441029
0.442297
0.453796
0.457651
0.471100
0.475663
0.477816
0.487216
0.501386
0.513577
0.526386
0.528287
0.537713
0.548175
0.551381
0.571695
0.577858
0.593309
0.596285
0.600249
0.605987
0.609979
0.612543
0.615968
0.621441
0.631064
0.651550
0.655786
0.657891
0.667551
0.669733
0.677852
0.691935
0.699750
0.724771
0.725238
0.741687
0.747119
0.753256
0.762921
0.774869
0.781242
0.796223
0.799064
0.801467
0.814004
0.821197
0.850520
0.853154
0.870905
0.871796
0.886281
0.887834
0.892800
0.904069
0.921525
0.928431
0.935513
1.000000